lack_of_cohesion_in_methods,number_of_methods,number_of_attributes,full_name,is_code_smell
1,2,751,de.nproth.pin.R$styleable,True
85,15,14,de.nproth.pin.NoteActivity,True
0,1,74,de.nproth.pin.R$string,True
0,1,55,de.nproth.pin.R$layout,True
0,1,124,de.nproth.pin.R$drawable,True
0,1,189,de.nproth.pin.R$id,True
3570,111,14,androidx.versionedparcelable.VersionedParcel,True
11,6,10,de.nproth.pin.Pinboard,True
0,1,11,de.nproth.pin.R$animator,True
0,29,9,androidx.versionedparcelable.VersionedParcelParcel,True
0,1,477,de.nproth.pin.R$attr,True
0,1,28,de.nproth.pin.R$anim,True
256,32,23,androidx.versionedparcelable.VersionedParcelStream,True
0,1,498,de.nproth.pin.R$style,True
0,1,15,de.nproth.pin.R$integer,True
0,7,7,de.nproth.pin.NotesProvider,True
0,1,133,de.nproth.pin.R$color,True
0,1,215,de.nproth.pin.R$dimen,True
1,2,542,com.oF2pks.kalturadeviceinfos.R$styleable,True
0,1,62,com.oF2pks.kalturadeviceinfos.R$layout,True
326,28,8,com.oF2pks.kalturadeviceinfos.Collector,True
0,1,10,com.oF2pks.kalturadeviceinfos.R$integer,True
0,1,106,com.oF2pks.kalturadeviceinfos.R$drawable,True
0,1,350,com.oF2pks.kalturadeviceinfos.R$attr,True
0,1,43,com.oF2pks.kalturadeviceinfos.R$string,True
0,1,109,com.oF2pks.kalturadeviceinfos.R$color,True
0,1,159,com.oF2pks.kalturadeviceinfos.R$dimen,True
0,1,179,com.oF2pks.kalturadeviceinfos.R$id,True
0,1,16,com.oF2pks.kalturadeviceinfos.R$anim,True
0,1,380,com.oF2pks.kalturadeviceinfos.R$style,True
0,1,20,com.uberspot.a2048.R$string,True
0,13,10,de.cketti.changelog.XmlParser,True
28,9,8,com.uberspot.a2048.MainActivity,True
30,13,9,de.cketti.changelog.ChangeLog,True
0,1,11,de.cketti.changelog.R$string,True
0,1,16,de.cketti.changelog.dialog.R$string,True
3192,93,41,com.badlogic.gdx.scenes.scene2d.ui.Table,True
6,9,8,com.badlogic.gdx.utils.PerformanceCounter,True
0,1,16,com.badlogic.gdx.graphics.g3d.model.data.ModelTexture,True
105,18,7,com.badlogic.gdx.scenes.scene2d.utils.BaseDrawable,True
1,2,29,com.badlogic.gdx.graphics.g3d.shaders.DefaultShader$Setters,True
4,4,7,com.badlogic.gdx.Application$ApplicationType,True
101,19,24,com.badlogic.gdx.input.GestureDetector,True
26,13,11,com.badlogic.gdx.graphics.g3d.particles.batches.PointSpriteParticleBatch,True
118,20,9,com.badlogic.gdx.Net$HttpRequest,True
0,3,8,com.badlogic.gdx.math.FloatCounter,True
1875,75,64,com.badlogic.gdx.graphics.g2d.ParticleEmitter,True
32,12,8,com.badlogic.gdx.graphics.g3d.decals.CameraGroupStrategy,True
0,1,9,com.badlogic.gdx.Gdx,True
65,15,13,com.badlogic.gdx.utils.compression.rangecoder.Encoder,True
0,1,7,com.badlogic.gdx.net.ServerSocketHints,True
0,5,25,com.badlogic.gdx.graphics.g3d.utils.shapebuilders.BaseShapeBuilder,True
84,16,18,com.badlogic.gdx.scenes.scene2d.utils.DragAndDrop,True
3710,101,17,com.badlogic.gdx.scenes.scene2d.ui.Container,True
0,14,11,com.badlogic.gdx.graphics.g3d.particles.values.PrimitiveSpawnShapeValue,True
991,47,21,com.badlogic.gdx.math.Intersector,True
0,5,7,com.badlogic.gdx.graphics.g3d.particles.ParticleShader$Config,True
85,19,9,com.badlogic.gdx.scenes.scene2d.ui.Touchpad,True
521,43,16,com.badlogic.gdx.scenes.scene2d.ui.Tree,True
0,33,23,com.badlogic.gdx.utils.LongMap,True
0,13,11,com.badlogic.gdx.utils.compression.lz.InWindow,True
0,3,8,com.badlogic.gdx.backends.android.surfaceview.GLSurfaceViewAPI18$ComponentSizeChooser,True
0,2,7,com.badlogic.gdx.graphics.g3d.Renderable,True
1,3,12,com.badlogic.gdx.scenes.scene2d.ui.Button$ButtonStyle,True
4,4,15,com.badlogic.gdx.graphics.g2d.BitmapFont$Glyph,True
0,15,12,com.badlogic.gdx.InputEventQueue,True
184,25,15,com.badlogic.gdx.scenes.scene2d.ui.SplitPane,True
1034,49,14,com.badlogic.gdx.backends.android.AndroidDaydream,True
269,47,38,com.badlogic.gdx.graphics.Color,True
110,16,8,com.badlogic.gdx.graphics.VertexAttribute,True
105,19,10,com.badlogic.gdx.scenes.scene2d.utils.DragListener,True
1,3,8,com.badlogic.gdx.scenes.scene2d.ui.ProgressBar$ProgressBarStyle,True
22,12,7,io.github.lonamiwebs.klooni.game.BaseScorer,True
509,43,33,com.badlogic.gdx.graphics.g2d.NinePatch,True
162,28,7,com.badlogic.gdx.scenes.scene2d.ui.TextArea,True
0,4,12,io.github.lonamiwebs.klooni.effects.EvaporateEffectFactory$EvaporateEffect,True
0,33,20,com.badlogic.gdx.graphics.g2d.Batch,True
55,19,8,com.badlogic.gdx.maps.tiled.renderers.BatchTiledMapRenderer,True
4,4,11,com.badlogic.gdx.scenes.scene2d.InputEvent$Type,True
58,33,16,com.badlogic.gdx.graphics.g2d.SpriteCache,True
246,37,7,com.badlogic.gdx.scenes.scene2d.Group,True
6,9,30,com.badlogic.gdx.backends.android.ZipResourceFile,True
9,6,7,com.badlogic.gdx.utils.JsonWriter$OutputType,True
10,8,16,com.badlogic.gdx.graphics.PixmapIO$PNG,True
0,1,10,com.badlogic.gdx.graphics.g3d.model.data.ModelMaterial,True
668,60,10,com.badlogic.gdx.graphics.glutils.ShapeRenderer,True
0,1,8,com.badlogic.gdx.graphics.g3d.loader.ObjLoader$Group,True
12,16,9,com.badlogic.gdx.graphics.glutils.VertexBufferObjectSubData,True
85,35,9,com.badlogic.gdx.scenes.scene2d.utils.Selection,True
0,1,7,com.badlogic.gdx.graphics.g3d.model.data.ModelNode,True
0,11,9,com.badlogic.gdx.graphics.g3d.model.MeshPart,True
122,17,10,com.badlogic.gdx.utils.SharedLibraryLoader,True
8,9,13,com.badlogic.gdx.assets.AssetLoadingTask,True
28,9,8,com.badlogic.gdx.maps.tiled.TiledMapTileLayer$Cell,True
9,11,7,com.badlogic.gdx.graphics.glutils.GLVersion,True
6,5,45,com.badlogic.gdx.graphics.g3d.particles.ParticleChannels,True
3,4,42,com.badlogic.gdx.math.Interpolation,True
216,28,14,com.badlogic.gdx.scenes.scene2d.ui.ProgressBar,True
286,41,22,com.badlogic.gdx.graphics.g2d.SpriteBatch,True
605,42,7,com.badlogic.gdx.graphics.g3d.ModelInstance,True
0,33,13,com.badlogic.gdx.graphics.g3d.shaders.BaseShader,True
39,14,9,io.github.lonamiwebs.klooni.game.TimeScorer,True
685,47,18,com.badlogic.gdx.scenes.scene2d.ui.VerticalGroup,True
0,43,10,com.badlogic.gdx.utils.ArrayMap,True
559,42,9,com.badlogic.gdx.graphics.g2d.BitmapFont,True
0,34,23,com.badlogic.gdx.utils.IntIntMap,True
567,42,15,com.badlogic.gdx.graphics.g2d.BitmapFontCache,True
244,28,10,com.badlogic.gdx.graphics.g2d.PixmapPacker,True
95,23,19,com.badlogic.gdx.graphics.g3d.particles.emitters.RegularEmitter,True
0,11,12,com.badlogic.gdx.input.RemoteSender,True
0,6,11,com.badlogic.gdx.graphics.g2d.TextureAtlas$AtlasRegion,True
186,21,18,com.badlogic.gdx.utils.XmlReader,True
26,12,11,io.github.lonamiwebs.klooni.screens.PauseMenuStage,True
0,1,8,com.badlogic.gdx.assets.loaders.TextureLoader$TextureParameter,True
6,5,10,com.badlogic.gdx.utils.Scaling,True
181,23,9,com.badlogic.gdx.scenes.scene2d.ui.Dialog,True
15,7,9,com.badlogic.gdx.backends.android.surfaceview.GLSurfaceView20API18$ConfigChooser,True
2806,81,17,com.badlogic.gdx.utils.Json,True
15,7,9,com.badlogic.gdx.backends.android.surfaceview.GLSurfaceView20$ConfigChooser,True
4,4,8,com.badlogic.gdx.Input$Peripheral,True
54,12,13,com.badlogic.gdx.maps.tiled.BaseTmxMapLoader,True
1435,59,53,com.badlogic.gdx.backends.android.AndroidInput,True
179,22,8,com.badlogic.gdx.utils.I18NBundle,True
0,12,7,com.badlogic.gdx.scenes.scene2d.ui.Stack,True
6,8,9,com.badlogic.gdx.graphics.g3d.utils.RenderContext,True
1117,50,21,com.badlogic.gdx.input.RemoteInput,True
0,13,7,com.badlogic.gdx.graphics.glutils.IndexBufferObjectSubData,True
20,8,12,com.badlogic.gdx.math.DelaunayTriangulator,True
387,59,40,com.badlogic.gdx.graphics.g3d.decals.Decal,True
747,43,22,com.badlogic.gdx.math.MathUtils,True
93,19,24,com.badlogic.gdx.graphics.g2d.BitmapFont$BitmapFontData,True
81,46,16,com.badlogic.gdx.graphics.g2d.Gdx2DPixmap,True
0,5,9,com.badlogic.gdx.scenes.scene2d.utils.DragScrollListener,True
97,18,19,com.badlogic.gdx.graphics.glutils.KTXTextureData,True
0,6,7,com.badlogic.gdx.utils.IntSet$IntSetIterator,True
479,47,14,com.badlogic.gdx.assets.AssetManager,True
78,21,11,com.badlogic.gdx.graphics.glutils.VertexBufferObjectWithVAO,True
685,47,18,com.badlogic.gdx.scenes.scene2d.ui.HorizontalGroup,True
9,6,7,io.github.lonamiwebs.klooni.effects.ExplodeEffectFactory$ExplodeEffect,True
0,1,7,com.badlogic.gdx.assets.loaders.CubemapLoader$CubemapParameter,True
5335,110,41,com.badlogic.gdx.graphics.g3d.utils.MeshBuilder,True
104,36,12,com.badlogic.gdx.graphics.g3d.particles.ParticleController,True
1,3,9,com.badlogic.gdx.graphics.g3d.particles.values.MeshSpawnShapeValue$Triangle,True
0,40,12,com.badlogic.gdx.math.Matrix3,True
228,44,23,com.badlogic.gdx.graphics.g2d.PolygonSpriteBatch,True
320,93,29,com.badlogic.gdx.math.Matrix4,True
142,20,9,com.badlogic.gdx.maps.tiled.tiles.AnimatedTiledMapTile,True
0,4,13,com.badlogic.gdx.utils.compression.lzma.Encoder$Optimal,True
19,19,8,com.badlogic.gdx.graphics.glutils.VertexBufferObject,True
0,9,16,com.badlogic.gdx.scenes.scene2d.ui.TooltipManager,True
105,18,8,com.badlogic.gdx.maps.objects.TextureMapObject,True
1115,51,16,com.badlogic.gdx.backends.android.AndroidFragmentApplication,True
0,4,7,io.github.lonamiwebs.klooni.effects.VanishEffectFatory$VanishEffect,True
340,28,11,com.badlogic.gdx.graphics.g3d.utils.AnimationController,True
4758,116,9,com.badlogic.gdx.math.Vector3,True
15,6,7,com.badlogic.gdx.utils.PropertiesUtils,True
471,38,24,com.badlogic.gdx.backends.android.surfaceview.GLSurfaceViewAPI18,True
0,12,9,com.badlogic.gdx.graphics.g3d.particles.influencers.DynamicsInfluencer,True
59,19,20,com.badlogic.gdx.backends.android.surfaceview.GLSurfaceViewAPI18$GLThread,True
28,8,27,com.badlogic.gdx.utils.compression.lzma.Base,True
0,1,17,com.badlogic.gdx.utils.compression.Lzma$CommandLine,True
13,14,13,com.badlogic.gdx.backends.android.AndroidLiveWallpaperService,True
199,23,14,com.badlogic.gdx.scenes.scene2d.ui.Window,True
0,1,20,com.badlogic.gdx.backends.android.AndroidApplicationConfiguration,True
4,4,7,com.badlogic.gdx.graphics.g2d.Animation$PlayMode,True
0,1,9,com.badlogic.gdx.input.RemoteInput$TouchEvent,True
0,4,11,io.github.lonamiwebs.klooni.effects.WaterdropEffectFactory$WaterdropEffect,True
140,29,8,com.badlogic.gdx.scenes.scene2d.ui.Tree$Node,True
39,31,17,com.badlogic.gdx.utils.IntSet,True
0,1,9,com.badlogic.gdx.utils.Align,True
25,10,9,com.badlogic.gdx.backends.android.surfaceview.GLSurfaceViewAPI18$GLThreadManager,True
105,16,11,com.badlogic.gdx.graphics.g3d.particles.ParticleControllerComponent,True
229,27,16,io.github.lonamiwebs.klooni.screens.GameScreen,True
0,47,7,com.badlogic.gdx.math.Affine2,True
1,3,7,com.badlogic.gdx.scenes.scene2d.ui.TextButton$TextButtonStyle,True
0,4,7,com.badlogic.gdx.utils.IntIntMap$MapIterator,True
774,44,14,com.badlogic.gdx.backends.android.AndroidLiveWallpaper,True
0,1,8,com.badlogic.gdx.input.RemoteInput$KeyEvent,True
61,14,8,com.badlogic.gdx.graphics.glutils.FileTextureData,True
1,7,7,com.badlogic.gdx.utils.compression.rangecoder.Decoder,True
104,20,16,com.badlogic.gdx.graphics.glutils.ImmediateModeRenderer20,True
357,34,16,com.badlogic.gdx.scenes.scene2d.ui.Label,True
99,19,12,com.badlogic.gdx.utils.TimSort,True
146,36,8,com.badlogic.gdx.utils.viewport.Viewport,True
0,8,9,io.github.lonamiwebs.klooni.game.GameLayout,True
174,27,15,com.badlogic.gdx.graphics.glutils.GLFrameBuffer,True
0,2,49,com.badlogic.gdx.net.HttpStatus,True
0,0,36,com.badlogic.gdx.net.HttpResponseHeader,True
0,1,15,com.badlogic.gdx.graphics.g2d.TextureAtlas$TextureAtlasData$Region,True
0,13,12,io.github.lonamiwebs.klooni.game.PieceHolder,True
50,12,7,com.badlogic.gdx.graphics.glutils.GLOnlyTextureData,True
1156,52,19,com.badlogic.gdx.backends.android.AndroidApplication,True
3465,86,31,com.badlogic.gdx.graphics.glutils.ShaderProgram,True
293,26,20,com.badlogic.gdx.utils.JsonReader,True
0,4,7,com.badlogic.gdx.utils.IntFloatMap$MapIterator,True
0,12,8,com.badlogic.gdx.graphics.glutils.IndexBufferObject,True
0,16,12,com.badlogic.gdx.backends.android.AndroidLiveWallpaperService$AndroidWallpaperEngine,True
35,26,11,io.github.lonamiwebs.klooni.Klooni,True
49,18,18,com.badlogic.gdx.maps.tiled.renderers.OrthoCachedTiledMapRenderer,True
91,18,8,com.badlogic.gdx.scenes.scene2d.Event,True
99,19,11,com.badlogic.gdx.utils.ComparableTimSort,True
0,4,7,com.badlogic.gdx.utils.IntMap$MapIterator,True
4,4,8,com.badlogic.gdx.Graphics$GraphicsType,True
0,33,23,com.badlogic.gdx.utils.IntMap,True
1148,68,7,com.badlogic.gdx.math.Quaternion,True
189,23,14,io.github.lonamiwebs.klooni.screens.CustomizeScreen,True
0,1,12,com.badlogic.gdx.backends.android.AndroidInput$TouchEvent,True
4,4,7,com.badlogic.gdx.graphics.Cursor$SystemCursor,True
3843,98,20,com.badlogic.gdx.scenes.scene2d.Actor,True
29,11,11,io.github.lonamiwebs.klooni.actors.MoneyBuyBand,True
7,6,9,com.badlogic.gdx.graphics.Texture$TextureFilter,True
15,7,7,com.badlogic.gdx.scenes.scene2d.ui.Value,True
205,23,9,com.badlogic.gdx.scenes.scene2d.InputEvent,True
0,1,19,com.badlogic.gdx.graphics.g2d.ParticleEmitter$Particle,True
75,14,7,com.badlogic.gdx.graphics.g3d.attributes.DepthTestAttribute,True
1,3,11,com.badlogic.gdx.scenes.scene2d.ui.TextField$TextFieldStyle,True
69,38,20,com.badlogic.gdx.utils.ObjectMap,True
30,12,7,com.badlogic.gdx.graphics.g3d.decals.DecalBatch,True
0,41,7,com.badlogic.gdx.math.Rectangle,True
1,2,7,com.badlogic.gdx.graphics.g3d.utils.AnimationController$AnimationDesc,True
209,23,10,com.badlogic.gdx.graphics.g3d.particles.ParticleShader,True
90,24,11,com.badlogic.gdx.math.Polygon,True
112,17,16,io.github.lonamiwebs.klooni.Theme,True
15,11,10,com.badlogic.gdx.graphics.g3d.ModelCache,True
4,4,156,com.badlogic.gdx.Input$Keys,True
0,36,7,com.badlogic.gdx.graphics.g2d.TextureRegion,True
197,23,7,com.badlogic.gdx.scenes.scene2d.ui.Image,True
20,8,8,com.badlogic.gdx.graphics.Pixmap$Format,True
2973,87,50,com.badlogic.gdx.scenes.scene2d.ui.ScrollPane,True
97,18,16,com.badlogic.gdx.graphics.g3d.attributes.ColorAttribute,True
0,6,17,com.badlogic.gdx.utils.compression.lzma.Decoder,True
4,8,11,com.badlogic.gdx.graphics.g3d.utils.FirstPersonCameraController,True
284,29,7,com.badlogic.gdx.graphics.g3d.ModelBatch,True
0,3,9,com.badlogic.gdx.scenes.scene2d.ui.SelectBox$SelectBoxStyle,True
101,26,11,com.badlogic.gdx.graphics.g3d.model.Node,True
9,11,7,io.github.lonamiwebs.klooni.game.Piece,True
22,13,9,com.badlogic.gdx.math.EarClippingTriangulator,True
5,7,10,com.badlogic.gdx.backends.android.ZipResourceFile$ZipEntryRO,True
4,5,8,io.github.lonamiwebs.klooni.effects.SpinEffectFactory$SpinEffect,True
0,162,309,com.badlogic.gdx.graphics.GL20,True
2,9,14,com.badlogic.gdx.graphics.g2d.RepeatablePolygonSprite,True
188,28,14,com.badlogic.gdx.scenes.scene2d.utils.ClickListener,True
2837,99,10,com.badlogic.gdx.utils.JsonValue,True
0,93,305,com.badlogic.gdx.graphics.GL30,True
93,26,14,com.badlogic.gdx.math.Polyline,True
104,33,15,com.badlogic.gdx.utils.ObjectSet,True
0,35,20,com.badlogic.gdx.utils.ObjectIntMap,True
0,2,9,com.badlogic.gdx.graphics.g3d.shaders.DefaultShader$Config,True
339,35,62,com.badlogic.gdx.utils.compression.lzma.Encoder,True
0,4,7,com.badlogic.gdx.utils.LongMap$MapIterator,True
0,6,9,com.badlogic.gdx.math.Intersector$SplitTriangle,True
0,1,12,com.badlogic.gdx.net.SocketHints,True
0,1,9,com.badlogic.gdx.graphics.VertexAttributes$Usage,True
0,0,32,com.badlogic.gdx.net.HttpRequestHeader,True
9,6,13,com.badlogic.gdx.backends.android.surfaceview.GdxEglConfigChooser,True
0,11,20,com.badlogic.gdx.utils.compression.lz.BinTree,True
6,12,32,com.badlogic.gdx.graphics.g3d.utils.CameraInputController,True
0,8,10,com.badlogic.gdx.input.GestureDetector$VelocityTracker,True
0,1,10,com.badlogic.gdx.graphics.g2d.TextureAtlas$TextureAtlasData$Page,True
16,8,12,io.github.lonamiwebs.klooni.screens.TransitionScreen,True
287,26,9,com.badlogic.gdx.math.BSpline,True
4,4,8,com.badlogic.gdx.utils.JsonValue$ValueType,True
0,2,8,com.badlogic.gdx.Graphics$BufferFormat,True
174,24,7,com.badlogic.gdx.graphics.g3d.Model,True
13,7,11,com.badlogic.gdx.graphics.Cubemap$CubemapSide,True
8947,150,47,com.badlogic.gdx.scenes.scene2d.ui.Cell,True
801,59,24,com.badlogic.gdx.scenes.scene2d.Stage,True
253,30,34,com.badlogic.gdx.graphics.g3d.particles.batches.BillboardParticleBatch,True
75,20,14,com.badlogic.gdx.graphics.Camera,True
0,13,8,com.badlogic.gdx.graphics.g3d.utils.MeshPartBuilder$VertexInfo,True
15,15,7,com.badlogic.gdx.utils.OrderedMap,True
289,27,91,com.badlogic.gdx.graphics.g3d.shaders.DefaultShader,True
186,32,10,com.badlogic.gdx.scenes.scene2d.ui.SelectBox,True
79,23,9,com.badlogic.gdx.scenes.scene2d.ui.List,True
340,53,15,com.badlogic.gdx.graphics.g2d.Sprite,True
0,35,23,com.badlogic.gdx.utils.IntFloatMap,True
282,28,21,com.badlogic.gdx.graphics.g3d.attributes.TextureAttribute,True
1,2,36,com.badlogic.gdx.graphics.g3d.shaders.DefaultShader$Inputs,True
1633,67,49,com.badlogic.gdx.scenes.scene2d.ui.TextField,True
69,15,14,com.badlogic.gdx.graphics.g3d.utils.DefaultTextureBinder,True
0,32,20,com.badlogic.gdx.utils.IdentityMap,True
0,35,20,com.badlogic.gdx.utils.ObjectFloatMap,True
1731,63,33,com.badlogic.gdx.backends.android.AndroidGraphics,True
188,36,14,com.badlogic.gdx.graphics.g2d.PolygonSprite,True
0,7,7,com.badlogic.gdx.maps.tiled.renderers.IsometricTiledMapRenderer,True
0,1,7,com.badlogic.gdx.backends.android.AndroidInput$KeyEvent,True
17,14,8,io.reactivex.internal.operators.flowable.FlowableWindowBoundarySelector$WindowBoundaryMainSubscriber,True
105,18,8,com.google.gson.internal.Excluder,True
507,34,27,okhttp3.OkHttpClient,True
30,13,7,io.reactivex.internal.operators.observable.ObservableBufferTimed$BufferSkipBoundedSubscriber,True
0,9,12,io.reactivex.internal.operators.observable.ObservableTakeLastTimed$TakeLastTimedSubscriber,True
42,12,8,io.reactivex.internal.operators.observable.ObservableWindowTimed$WindowSkipSubscriber,True
0,9,9,io.reactivex.internal.operators.observable.ObservableGroupBy$State,True
102,21,20,io.reactivex.internal.operators.observable.ObservableFlatMap$MergeSubscriber,True
583,35,10,io.reactivex.internal.functions.Functions,True
0,1,15,com.bumptech.glide.gifdecoder.GifFrame,True
16,9,14,com.bumptech.glide.load.engine.prefill.BitmapPreFillRunner,True
0,2,9,io.reactivex.Scheduler$Worker$PeriodicTask,True
0,10,12,io.reactivex.internal.operators.observable.ObservableConcatMap$SourceSubscriber,True
42,12,10,io.reactivex.internal.operators.flowable.BlockingFlowableIterator,True
79,18,14,okhttp3.CacheControl,True
0,10,11,io.reactivex.internal.operators.observable.ObservableTimeoutTimed$TimeoutTimedOtherSubscriber,True
1,7,9,com.bumptech.glide.load.engine.DataCacheGenerator,True
2,9,8,io.reactivex.internal.subscriptions.SubscriptionArbiter,True
23,14,11,okhttp3.Address,True
0,1,15,io.reactivex.internal.subscribers.flowable.QueueDrainSubscriberPad2,True
0,1,15,io.reactivex.internal.subscribers.flowable.QueueDrainSubscriberPad0,True
0,1,15,io.reactivex.internal.subscribers.flowable.QueueDrainSubscriberPad4,True
0,1,217,com.futuremind.recyclerviewfastscroll.R$attr,True
0,5,8,io.reactivex.internal.operators.flowable.FlowableConcatArray$ConcatArraySubscriber,True
77,15,8,okhttp3.internal.framed.FramedConnection$Builder,True
0,8,7,io.reactivex.internal.operators.observable.ObservableDebounce$DebounceSubscriber,True
0,8,7,io.reactivex.internal.operators.maybe.MaybeConcatIterable$ConcatMaybeObserver,True
0,1,16,io.reactivex.internal.operators.observable.ObservableObserveOn$Padding0,True
0,12,8,io.reactivex.internal.operators.observable.ObservableWithLatestFromMany$WithLatestFromObserver,True
195,26,13,okhttp3.Cookie,True
25,11,7,io.reactivex.internal.operators.flowable.FlowableWindowBoundarySupplier$WindowBoundaryMainSubscriber,True
48,13,10,io.reactivex.internal.operators.flowable.FlowableWindowTimed$WindowExactUnboundedSubscriber,True
659,47,33,okhttp3.internal.cache.DiskLruCache,True
0,10,8,com.bumptech.glide.load.engine.SourceGenerator,True
0,7,9,io.reactivex.internal.operators.flowable.FlowableZip$ZipSubscriber,True
0,14,14,io.reactivex.internal.operators.flowable.FlowableFlattenIterable$FlattenIterableSubscriber,True
75,15,8,com.bumptech.glide.load.engine.bitmap_recycle.SizeConfigStrategy,True
0,5,7,io.reactivex.internal.operators.observable.BlockingObservableNext$NextIterator,True
0,1,94,com.futuremind.recyclerviewfastscroll.R$id,True
43,18,14,io.reactivex.internal.operators.flowable.FlowableObserveOn$BaseObserveOnSubscriber,True
149,19,12,subreddit.android.appstore.screens.list.AppListFragment,True
236,33,12,okhttp3.internal.framed.FramedStream,True
0,6,10,com.bumptech.glide.load.engine.ResourceCacheGenerator,True
23,11,7,io.reactivex.internal.subscribers.observable.InnerQueuedObserver,True
0,1,368,subreddit.android.appstore.R$style,True
1,2,336,com.futuremind.recyclerviewfastscroll.R$styleable,True
0,12,11,io.reactivex.internal.operators.observable.ObservablePublish$PublishSubscriber,True
8,13,19,io.reactivex.internal.operators.flowable.FlowableJoin$GroupJoinSubscription,True
0,8,13,okio.GzipSource,True
0,10,8,io.reactivex.observers.SerializedObserver,True
0,5,9,com.bumptech.glide.load.engine.EngineKey,True
0,12,9,io.reactivex.internal.operators.flowable.FlowableWithLatestFromMany$WithLatestFromSubscriber,True
31,11,7,subreddit.android.appstore.screens.navigation.NavigationFragment,True
4,4,7,com.bumptech.glide.load.engine.DecodeJob$Stage,True
2,8,9,io.reactivex.internal.operators.flowable.FlowableFlatMap$InnerSubscriber,True
0,11,8,okhttp3.ConnectionPool,True
11,18,8,okhttp3.ConnectionSpec,True
0,4,8,io.reactivex.internal.operators.observable.ObservableCache$ReplayDisposable,True
10,5,13,okhttp3.internal.framed.Spdy3,True
0,7,7,io.reactivex.internal.operators.flowable.FlowableGenerate$GeneratorSubscription,True
8,13,18,io.reactivex.internal.operators.observable.ObservableJoin$GroupJoinSubscription,True
0,7,10,io.reactivex.internal.operators.observable.ObservableSequenceEqual$EqualCoordinator,True
2,9,12,okhttp3.Cache$Entry,True
6,5,9,com.bumptech.glide.load.resource.bitmap.ImageHeaderParser$ImageType,True
0,2,7,io.reactivex.internal.operators.flowable.FlowableBufferTimed,True
21,10,11,io.reactivex.internal.subscriptions.DeferredScalarSubscription,True
17,14,8,io.reactivex.internal.operators.observable.ObservableWindowBoundarySelector$WindowBoundaryMainSubscriber,True
0,10,8,io.reactivex.internal.subscriptions.FullArbiter,True
0,10,14,io.reactivex.internal.operators.observable.ObservableCombineLatest$LatestCoordinator,True
0,5,7,io.reactivex.internal.operators.flowable.BlockingFlowableNext$NextIterator,True
31,11,8,io.reactivex.internal.subscribers.observable.DeferredScalarDisposable,True
0,7,8,com.bumptech.glide.load.engine.ResourceCacheKey,True
0,8,9,okio.Segment,True
0,8,14,io.reactivex.internal.operators.observable.ObservableConcatMap$ConcatMapDelayErrorObserver,True
1223,59,13,io.reactivex.subscribers.TestSubscriber,True
33,19,10,io.reactivex.subjects.UnicastSubject,True
30,13,13,io.reactivex.internal.operators.flowable.FlowableConcatMapEager$ConcatMapEagerDelayErrorSubscriber,True
96,17,8,okhttp3.internal.cache.DiskLruCache$Entry,True
12,8,7,com.google.gson.internal.bind.TreeTypeAdapter,True
11,15,13,io.reactivex.internal.operators.flowable.FlowableGroupBy$State,True
0,1,67,com.futuremind.recyclerviewfastscroll.R$drawable,True
4,4,7,io.reactivex.annotations.BackpressureKind,True
249,26,10,io.reactivex.internal.queue.SpscLinkedArrayQueue,True
109,23,25,com.bumptech.glide.load.engine.EngineJob,True
19,11,9,io.reactivex.internal.operators.flowable.FlowableTimeoutTimed$TimeoutTimedSubscriber,True
0,1,10,com.futuremind.recyclerviewfastscroll.R$anim,True
47,14,16,okhttp3.internal.http.Http2xStream,True
0,8,8,io.reactivex.internal.operators.observable.ObservableDebounceTimed$DebounceTimedSubscriber,True
96,16,8,com.bumptech.glide.disklrucache.DiskLruCache$Entry,True
12,8,10,com.bumptech.glide.ListPreloader,True
0,8,13,io.reactivex.internal.operators.flowable.FlowableMapNotification$MapNotificationSubscriber,True
949,54,11,io.reactivex.observers.TestObserver,True
97,15,10,com.bumptech.glide.load.engine.executor.GlideExecutor,True
90,20,8,okhttp3.internal.framed.Hpack$Reader,True
0,8,9,io.reactivex.internal.operators.observable.ObservableTimeout$TimeoutOtherSubscriber,True
71,18,9,com.bumptech.glide.Registry,True
2,9,11,io.reactivex.internal.operators.flowable.FlowableOnBackpressureBufferStrategy$OnBackpressureBufferStrategySubscriber,True
91,15,9,com.bumptech.glide.manager.RequestManagerRetriever,True
29,15,7,io.reactivex.internal.operators.flowable.FlowableBufferBoundary$BufferBoundarySubscriber,True
0,23,23,okhttp3.internal.framed.Settings,True
0,1,93,de.psdev.licensesdialog.R$id,True
9,7,7,io.reactivex.internal.schedulers.SchedulerPoolFactory,True
0,1,99,subreddit.android.appstore.R$drawable,True
21,19,10,io.reactivex.processors.UnicastProcessor,True
6,5,13,com.bumptech.glide.gifdecoder.GifHeader,True
25,11,7,io.reactivex.internal.operators.flowable.FlowableWindowBoundary$WindowBoundaryMainSubscriber,True
4,9,13,com.bumptech.glide.load.engine.cache.MemorySizeCalculator$Builder,True
18,9,9,com.bumptech.glide.load.engine.cache.DiskLruCacheWrapper,True
0,8,10,io.reactivex.internal.operators.flowable.FlowableTimeout$TimeoutOtherSubscriber,True
3,10,11,io.reactivex.internal.operators.observable.ObservableBufferTimed$BufferExactBoundedSubscriber,True
0,1,62,subreddit.android.appstore.R$layout,True
0,9,9,io.reactivex.internal.operators.observable.ObservableThrottleFirstTimed$DebounceTimedSubscriber,True
0,1,70,de.psdev.licensesdialog.R$color,True
30,13,7,io.reactivex.internal.operators.flowable.FlowableBufferTimed$BufferSkipBoundedSubscriber,True
0,9,9,io.reactivex.processors.ReplayProcessor$SizeAndTimeBoundReplayBuffer,True
0,1,23,de.psdev.licensesdialog.R$string,True
0,1,74,de.psdev.licensesdialog.R$dimen,True
166,21,11,com.bumptech.glide.request.RequestFutureTarget,True
34,20,7,okhttp3.Dispatcher,True
44,12,7,io.reactivex.internal.operators.observable.BlockingObservableIterator,True
13,7,7,com.bumptech.glide.load.engine.cache.MemorySizeCalculator,True
22,16,14,io.reactivex.internal.operators.flowable.FlowableCombineLatest$CombineLatestCoordinator,True
0,15,10,io.reactivex.internal.operators.maybe.MaybeMergeArray$MergeMaybeObserver,True
0,9,8,io.reactivex.internal.operators.flowable.FlowableOnBackpressureLatest$BackpressureLatestSubscriber,True
6,9,8,io.reactivex.internal.operators.flowable.FlowableSampleTimed$SampleTimedSubscriber,True
0,7,12,okhttp3.internal.cache.CacheStrategy$Factory,True
0,10,8,io.reactivex.subscribers.SerializedSubscriber,True
293,27,13,com.bumptech.glide.Glide,True
111,22,17,com.bumptech.glide.load.engine.DecodeHelper,True
21,10,8,okhttp3.MediaType,True
13,7,22,okhttp3.internal.framed.ErrorCode,True
4,8,8,io.reactivex.internal.operators.flowable.FlowableTakeLast$TakeLastSubscriber,True
21,10,7,com.bumptech.glide.GlideContext,True
0,9,7,okhttp3.internal.tls.DistinguishedNameParser,True
21,7,52,com.google.gson.internal.bind.TypeAdapters,True
0,12,11,io.reactivex.internal.operators.flowable.FlowableReplay$ReplaySubscriber,True
37,10,9,com.bumptech.glide.load.resource.gif.ByteBufferGifDecoder,True
9,10,9,com.bumptech.glide.load.model.LazyHeaders$Builder,True
0,2,7,io.reactivex.internal.operators.observable.ObservableBufferTimed,True
19,11,8,de.psdev.licensesdialog.LicensesDialogFragment$Builder,True
75,15,8,com.bumptech.glide.load.model.GlideUrl,True
0,1,85,com.futuremind.recyclerviewfastscroll.R$dimen,True
0,1,70,com.futuremind.recyclerviewfastscroll.R$color,True
0,1,27,subreddit.android.appstore.R$raw,True
127,18,8,subreddit.android.appstore.backend.data.AppInfo,True
14,12,8,io.reactivex.internal.operators.flowable.FlowableBufferTimed$BufferExactUnboundedSubscriber,True
0,1,7,subreddit.android.appstore.R$integer,True
1165,55,25,okhttp3.internal.framed.FramedConnection,True
0,8,7,okhttp3.internal.http.RealInterceptorChain,True
60,17,9,com.bumptech.glide.load.engine.bitmap_recycle.LruArrayPool,True
0,2,7,io.reactivex.internal.operators.flowable.FlowableWindowTimed,True
0,1,38,com.futuremind.recyclerviewfastscroll.R$layout,True
0,7,8,io.reactivex.subjects.BehaviorSubject$BehaviorDisposable,True
0,8,8,io.reactivex.internal.operators.maybe.MaybeConcatArray$ConcatMaybeObserver,True
0,8,11,io.reactivex.internal.operators.observable.ObservableWindow$WindowSkipSubscriber,True
0,7,8,io.reactivex.internal.operators.observable.ObservableBuffer$BufferSkipSubscriber,True
400,33,12,okhttp3.Response$Builder,True
368,32,14,com.bumptech.glide.RequestBuilder,True
0,1,37,de.psdev.licensesdialog.R$layout,True
2,9,9,io.reactivex.internal.operators.observable.ObservableTimeoutTimed$TimeoutTimedSubscriber,True
14,13,7,io.reactivex.internal.operators.observable.ObservableBufferBoundary$BufferBoundarySubscriber,True
4,4,9,com.bumptech.glide.request.SingleRequest$Status,True
0,1,131,subreddit.android.appstore.R$dimen,True
243,34,26,com.bumptech.glide.request.SingleRequest,True
0,1,98,subreddit.android.appstore.R$color,True
0,10,11,okhttp3.internal.framed.Hpack$Writer,True
327,35,24,com.bumptech.glide.disklrucache.DiskLruCache,True
8,9,9,io.reactivex.internal.operators.completable.CompletableMerge$CompletableMergeSubscriber,True
4,7,13,io.reactivex.internal.operators.flowable.FlowableConcatMap$BaseConcatMapSubscriber,True
0,6,9,io.reactivex.internal.schedulers.IoScheduler,True
60,20,21,io.reactivex.internal.operators.flowable.FlowableFlatMap$MergeSubscriber,True
0,9,10,io.reactivex.internal.operators.observable.ObservableGroupBy$GroupBySubscriber,True
177,22,7,com.bumptech.glide.manager.RequestManagerFragment,True
0,9,11,io.reactivex.internal.operators.observable.ObservableSkipLastTimed$SkipLastTimedSubscriber,True
58,17,11,de.psdev.licensesdialog.LicensesDialog$Builder,True
0,8,12,io.reactivex.internal.operators.flowable.FlowableBuffer$PublisherBufferOverlappingSubscriber,True
144,25,12,okhttp3.internal.http.Http1xStream,True
15,7,9,io.reactivex.internal.operators.flowable.FlowableCache$ReplaySubscription,True
9,7,10,okhttp3.internal.framed.Header,True
0,1,7,org.intellij.lang.annotations.PrintFormatPattern,True
7,6,98,okhttp3.CipherSuite,True
0,1,10,de.psdev.licensesdialog.R$anim,True
0,8,8,io.reactivex.internal.operators.flowable.FlowableDebounce$DebounceSubscriber,True
25,11,7,io.reactivex.internal.operators.observable.ObservableWindowBoundarySupplier$WindowBoundaryMainSubscriber,True
6,9,7,io.reactivex.internal.operators.observable.ObservableSampleTimed$SampleTimedSubscriber,True
12,12,11,io.reactivex.internal.operators.flowable.FlowableBufferTimed$BufferExactBoundedSubscriber,True
0,9,10,io.reactivex.internal.operators.flowable.FlowableOnBackpressureBuffer$BackpressureBufferSubscriber,True
86,16,12,com.bumptech.glide.GlideBuilder,True
0,7,7,io.reactivex.internal.operators.observable.ObservableZip$ZipCoordinator,True
14,13,9,okhttp3.internal.connection.RouteSelector,True
1,4,7,com.bumptech.glide.load.resource.bitmap.DownsampleStrategy,True
133,18,7,com.bumptech.glide.load.resource.bitmap.TransformationUtils,True
0,7,7,io.reactivex.internal.operators.observable.ObservableDoOnEach$DoOnEachSubscriber,True
164,24,14,com.bumptech.glide.load.resource.gif.GifFrameLoader,True
0,1,15,io.reactivex.internal.disposables.FullArbiterPad1,True
0,1,15,io.reactivex.internal.disposables.FullArbiterPad0,True
0,1,15,io.reactivex.internal.subscribers.observable.QueueDrainSubscriberPad0,True
0,1,15,io.reactivex.internal.subscribers.observable.QueueDrainSubscriberPad2,True
0,7,9,io.reactivex.processors.BehaviorProcessor$BehaviorSubscription,True
4,4,11,com.google.gson.stream.JsonToken,True
0,7,7,io.reactivex.internal.operators.flowable.FlowableBuffer$PublisherBufferExactSubscriber,True
327,31,13,com.bumptech.glide.RequestManager,True
612,37,21,com.google.gson.Gson,True
0,7,10,io.reactivex.internal.operators.flowable.FlowableZip$ZipCoordinator,True
2,9,10,io.reactivex.internal.operators.flowable.FlowableThrottleFirstTimed$DebounceTimedSubscriber,True
787,46,8,okhttp3.HttpUrl$Builder,True
1577,71,42,com.bumptech.glide.request.BaseRequestOptions,True
399,35,11,okhttp3.Cache,True
30,9,7,okhttp3.CacheControl$Builder,True
485,38,30,com.bumptech.glide.load.engine.DecodeJob,True
41,14,11,com.bumptech.glide.load.engine.Engine,True
33,18,16,io.reactivex.internal.operators.flowable.FlowableGroupBy$GroupBySubscriber,True
0,8,8,io.reactivex.internal.operators.flowable.FlowableSequenceEqual$EqualSubscriber,True
44,40,43,com.google.gson.stream.JsonReader,True
0,1,17,subreddit.android.appstore.R$anim,True
0,21,30,com.bumptech.glide.gifdecoder.GifHeaderParser,True
1,10,9,com.google.gson.internal.LinkedHashTreeMap$Node,True
93,23,10,io.reactivex.subjects.BehaviorSubject,True
0,10,13,io.reactivex.internal.operators.flowable.FlowableTakeLastTimed$TakeLastTimedSubscriber,True
0,5,9,io.reactivex.internal.operators.flowable.FlowableSequenceEqual$EqualCoordinator,True
0,10,10,io.reactivex.internal.operators.observable.ObservableObserveOn$ObserveOnSubscriber,True
1,2,508,subreddit.android.appstore.R$styleable,True
0,9,9,io.reactivex.subjects.ReplaySubject$SizeAndTimeBoundReplayBuffer,True
8,13,18,io.reactivex.internal.operators.observable.ObservableGroupJoin$GroupJoinSubscription,True
93,23,10,io.reactivex.processors.BehaviorProcessor,True
0,1,170,subreddit.android.appstore.R$id,True
48,13,14,io.reactivex.internal.operators.flowable.FlowableWindowTimed$WindowExactBoundedSubscriber,True
212,32,12,com.bumptech.glide.load.resource.gif.GifDrawable,True
0,12,11,io.reactivex.internal.operators.flowable.FlowablePublish$PublishSubscriber,True
158,21,7,com.bumptech.glide.manager.SupportRequestManagerFragment,True
1,7,7,com.bumptech.glide.disklrucache.StrictLineReader,True
33,10,9,com.bumptech.glide.load.data.HttpUrlFetcher,True
51,11,9,okhttp3.Cookie$Builder,True
0,10,11,io.reactivex.internal.operators.flowable.FlowableTimeoutTimed$TimeoutTimedOtherSubscriber,True
0,10,8,io.reactivex.internal.operators.observable.ObservableBufferTimed$BufferExactUnboundedSubscriber,True
0,8,8,io.reactivex.internal.operators.observable.ObservableWindow$WindowExactSubscriber,True
0,8,7,io.reactivex.internal.operators.flowable.FlowableTimeout$TimeoutSubscriber,True
73,14,10,subreddit.android.appstore.screens.details.AppDetailsFragment,True
0,1,68,subreddit.android.appstore.R$string,True
22,12,15,io.reactivex.internal.operators.observable.ObservableConcatMapEager$ConcatMapEagerMainObserver,True
0,7,11,io.reactivex.internal.operators.flowable.FlowableOnErrorReturn$OnErrorReturnSubscriber,True
0,10,17,io.reactivex.internal.operators.flowable.FlowableWindow$WindowOverlapSubscriber,True
0,2,7,io.reactivex.internal.operators.completable.CompletablePeek,True
227,34,11,com.google.gson.stream.JsonWriter,True
0,9,12,io.reactivex.internal.operators.flowable.FlowableSkipLastTimed$SkipLastTimedSubscriber,True
0,8,7,io.reactivex.internal.operators.single.SingleCache,True
0,2,7,io.reactivex.internal.operators.observable.ObservableWindowTimed,True
250,25,10,com.google.gson.internal.LinkedHashTreeMap,True
1,2,326,de.psdev.licensesdialog.R$styleable,True
327,30,25,okhttp3.OkHttpClient$Builder,True
0,8,11,io.reactivex.internal.operators.flowable.FlowableWindow$WindowSkipSubscriber,True
15,7,8,io.reactivex.internal.operators.flowable.FlowableReplay$InnerSubscription,True
0,1,15,io.reactivex.internal.subscriptions.FullArbiterPad1,True
0,1,15,io.reactivex.internal.subscriptions.FullArbiterPad2,True
0,1,15,io.reactivex.internal.subscriptions.FullArbiterPad0,True
325,26,8,com.bumptech.glide.request.RequestOptions,True
0,8,10,io.reactivex.internal.operators.flowable.FlowableMaterialize$MaterializeSubscriber,True
0,4,7,com.google.gson.internal.bind.ReflectiveTypeAdapterFactory$1,True
35,19,13,okhttp3.internal.connection.RealConnection,True
54,12,18,de.psdev.licensesdialog.LicensesDialogFragment,True
0,1,8,subreddit.android.appstore.R$menu,True
177,26,16,com.google.gson.GsonBuilder,True
42,12,10,io.reactivex.internal.operators.observable.ObservableWindowTimed$WindowExactUnboundedSubscriber,True
0,1,209,de.psdev.licensesdialog.R$attr,True
32,12,26,com.bumptech.glide.load.resource.bitmap.ImageHeaderParser,True
46,12,14,io.reactivex.internal.operators.observable.ObservableWindowTimed$WindowExactBoundedSubscriber,True
0,11,13,io.reactivex.internal.operators.flowable.FlowableSwitchMap$SwitchMapSubscriber,True
0,1,8,com.google.gson.stream.JsonScope,True
215,23,13,com.bumptech.glide.load.resource.bitmap.Downsampler,True
34,12,13,okhttp3.MultipartBody,True
0,7,7,io.reactivex.internal.schedulers.ComputationScheduler,True
152,21,12,com.bumptech.glide.load.engine.bitmap_recycle.LruBitmapPool,True
1,10,8,com.google.gson.internal.LinkedTreeMap$Node,True
46,13,8,io.reactivex.internal.operators.flowable.FlowableWindowTimed$WindowSkipSubscriber,True
26,17,9,okhttp3.internal.connection.StreamAllocation,True
0,8,9,io.reactivex.internal.operators.flowable.FlowableDebounceTimed$DebounceTimedSubscriber,True
1106,53,20,okhttp3.HttpUrl,True
25,11,7,io.reactivex.internal.operators.observable.ObservableWindowBoundary$WindowBoundaryMainSubscriber,True
0,1,27,de.psdev.licensesdialog.R$raw,True
0,1,65,de.psdev.licensesdialog.R$drawable,True
0,1,21,com.futuremind.recyclerviewfastscroll.R$string,True
132,17,21,okhttp3.internal.framed.Http2,True
0,7,7,io.reactivex.internal.operators.observable.ObservableMapNotification$MapNotificationSubscriber,True
135,18,8,de.psdev.licensesdialog.LicensesDialog,True
11,11,9,io.reactivex.internal.operators.completable.CompletableConcat$CompletableConcatSubscriber,True
284,29,15,com.futuremind.recyclerviewfastscroll.FastScroller,True
508,37,13,okhttp3.Response,True
0,11,9,io.reactivex.internal.operators.observable.ObservableReplay$ReplaySubscriber,True
6,12,7,okhttp3.internal.framed.FramedStream$FramedDataSource,True
0,8,9,io.reactivex.internal.operators.flowable.FlowableWindow$WindowExactSubscriber,True
8,13,19,io.reactivex.internal.operators.flowable.FlowableGroupJoin$GroupJoinSubscription,True
1969,74,23,io.reactivex.plugins.RxJavaPlugins,True
0,1,318,de.psdev.licensesdialog.R$style,True
0,1,318,com.futuremind.recyclerviewfastscroll.R$style,True
0,7,9,io.reactivex.internal.operators.flowable.FlowableBuffer$PublisherBufferSkipSubscriber,True
5,11,12,io.reactivex.internal.operators.observable.ObservableSwitchMap$SwitchMapSubscriber,True
4,4,8,subreddit.android.appstore.backend.parser.AppParser$Column,True
0,1,326,subreddit.android.appstore.R$attr,True
28,12,8,io.reactivex.internal.subscribers.flowable.InnerQueuedSubscriber,True
172,32,31,com.bumptech.glide.gifdecoder.StandardGifDecoder,True
191,22,9,com.google.gson.internal.LinkedTreeMap,True
5,14,12,io.reactivex.internal.operators.flowable.FlowablePublishMulticast$MulticastProcessor,True
72,20,18,info.staticfree.android.twentyfourhour.Analog24HClock,True
152,20,40,uk.me.jstott.sun.SunTimesPanel,True
348,29,7,nerd.tuxmobil.fahrplan.congress.MainActivity,True
46,12,8,com.squareup.okhttp.internal.framed.FramedConnection$Builder,True
369,31,27,com.squareup.okhttp.OkHttpClient,True
985,50,25,com.squareup.okhttp.internal.framed.FramedConnection,True
350,37,20,nerd.tuxmobil.fahrplan.congress.FahrplanFragment,True
0,8,7,okio.Segment,True
0,1,10,nerd.tuxmobil.fahrplan.congress.LectureArrayAdapter$ViewHolder,True
531,39,10,com.squareup.okhttp.HttpUrl,True
16,12,9,nerd.tuxmobil.fahrplan.congress.parser,True
274,28,10,com.squareup.okhttp.Response$Builder,True
58,16,14,com.squareup.okhttp.CacheControl,True
14,13,9,com.squareup.okhttp.internal.http.RouteSelector,True
186,29,18,com.squareup.okhttp.internal.http.HttpEngine,True
184,29,12,com.squareup.okhttp.internal.framed.FramedStream,True
0,9,7,com.squareup.okhttp.internal.tls.DistinguishedNameParser,True
8,5,98,com.squareup.okhttp.CipherSuite,True
89,19,7,com.squareup.okhttp.internal.http.StreamAllocation,True
6,17,8,com.squareup.okhttp.ConnectionSpec,True
6,12,7,com.squareup.okhttp.internal.framed.FramedStream$FramedDataSource,True
4,9,8,com.squareup.okhttp.ConnectionPool,True
8,5,7,com.squareup.okhttp.CacheControl$Builder,True
0,1,7,nerd.tuxmobil.fahrplan.congress.MetaInfo,True
12,9,34,nerd.tuxmobil.fahrplan.congress.Lecture,True
0,12,12,com.squareup.okhttp.internal.io.RealConnection,True
177,23,11,com.squareup.okhttp.Response,True
71,19,8,com.squareup.okhttp.internal.framed.Hpack$Reader,True
271,27,8,com.squareup.okhttp.HttpUrl$Builder,True
4,4,13,nerd.tuxmobil.fahrplan.congress.CustomHttpClient$HTTP_STATUS,True
10,9,7,nerd.tuxmobil.fahrplan.congress.fetcher,True
6,5,21,nerd.tuxmobil.fahrplan.congress.MyApp,True
34,16,11,com.squareup.okhttp.Address,True
71,18,7,com.squareup.okhttp.Request,True
0,1,10,nerd.tuxmobil.fahrplan.congress.LectureChangesArrayAdapter$ViewHolder,True
0,7,12,com.squareup.okhttp.internal.http.CacheStrategy$Factory,True
13,7,22,com.squareup.okhttp.internal.framed.ErrorCode,True
9,7,10,com.squareup.okhttp.internal.framed.Header,True
59,14,20,nerd.tuxmobil.fahrplan.congress.EventDetailFragment,True
59,15,16,com.squareup.okhttp.internal.http.Http2xStream,True
298,49,17,org.libsdl.app.SDLActivity,True
152,25,18,com.bumptech.glide.load.engine.DecodeHelper,True
0,1,381,org.secuso.privacyfriendly2048.R$style,True
27,10,9,com.bumptech.glide.GlideContext,True
37,10,8,com.bumptech.glide.load.resource.gif.ByteBufferGifDecoder,True
75,15,8,com.bumptech.glide.load.model.GlideUrl,True
0,1,15,com.bumptech.glide.gifdecoder.GifFrame,True
16,9,14,com.bumptech.glide.load.engine.prefill.BitmapPreFillRunner,True
104,20,9,com.bumptech.glide.load.engine.bitmap_recycle.LruArrayPool,True
0,1,33,com.bumptech.glide.R$id,True
1,7,9,com.bumptech.glide.load.engine.DataCacheGenerator,True
1073,50,17,com.bumptech.glide.RequestBuilder,True
4,4,9,com.bumptech.glide.request.SingleRequest$Status,True
280,37,30,com.bumptech.glide.request.SingleRequest,True
6,5,7,com.bumptech.glide.load.resource.bitmap.HardwareConfigState,True
327,35,24,com.bumptech.glide.disklrucache.DiskLruCache,True
146,20,7,com.bumptech.glide.manager.RequestManagerFragment,True
0,10,8,com.bumptech.glide.load.engine.SourceGenerator,True
99,19,8,com.bumptech.glide.request.target.ViewTarget,True
45,10,7,org.secuso.privacyfriendly2048.database.PFASQLiteHelper,True
87,14,23,com.bumptech.glide.load.resource.bitmap.DefaultImageHeaderParser,True
39,11,7,org.secuso.privacyfriendly2048.activities.helper.BaseActivity,True
61,14,9,com.bumptech.glide.load.engine.bitmap_recycle.SizeConfigStrategy,True
0,1,407,org.secuso.privacyfriendly2048.R$attr,True
0,1,10,org.secuso.privacyfriendly2048.R$integer,True
0,1,83,org.secuso.privacyfriendly2048.R$layout,True
23,14,11,org.secuso.privacyfriendly2048.activities.Element,True
133,19,15,com.bumptech.glide.GlideBuilder,True
0,6,10,com.bumptech.glide.load.engine.ResourceCacheGenerator,True
1,4,8,com.bumptech.glide.load.resource.bitmap.DownsampleStrategy,True
0,11,7,com.bumptech.glide.load.engine.EngineResource,True
170,20,8,com.bumptech.glide.load.resource.bitmap.TransformationUtils,True
163,19,7,com.bumptech.glide.load.engine.GlideException,True
1,2,25,com.bumptech.glide.R$styleable,True
205,26,16,com.bumptech.glide.load.resource.gif.GifFrameLoader,True
0,5,9,com.bumptech.glide.load.engine.EngineKey,True
1042,49,13,com.bumptech.glide.RequestManager,True
4,4,7,com.bumptech.glide.load.engine.DecodeJob$Stage,True
0,1,136,org.secuso.privacyfriendly2048.R$color,True
280,32,32,com.bumptech.glide.load.engine.DecodeJob,True
49,15,11,com.bumptech.glide.load.engine.Engine,True
13,10,9,com.bumptech.glide.load.engine.ActiveResources,True
0,21,24,com.bumptech.glide.gifdecoder.GifHeaderParser,True
0,1,164,org.secuso.privacyfriendly2048.R$dimen,True
6,5,10,com.bumptech.glide.load.ImageHeaderParser$ImageType,True
275,35,13,com.bumptech.glide.load.resource.gif.GifDrawable,True
142,20,7,com.bumptech.glide.manager.SupportRequestManagerFragment,True
1,7,7,com.bumptech.glide.disklrucache.StrictLineReader,True
52,12,10,com.bumptech.glide.load.data.HttpUrlFetcher,True
0,7,9,com.bumptech.glide.load.engine.ResourceCacheKey,True
0,1,12,com.bumptech.glide.R$drawable,True
0,1,140,org.secuso.privacyfriendly2048.R$drawable,True
123,19,14,org.secuso.privacyfriendly2048.activities.MainActivity,True
0,1,114,org.secuso.privacyfriendly2048.R$string,True
84,21,28,com.bumptech.glide.load.engine.EngineJob,True
0,1,18,com.bumptech.glide.R$attr,True
5445,115,55,com.bumptech.glide.request.RequestOptions,True
96,16,8,com.bumptech.glide.disklrucache.DiskLruCache$Entry,True
10,8,10,com.bumptech.glide.ListPreloader,True
0,1,20,com.bumptech.glide.R$dimen,True
149,22,11,org.secuso.privacyfriendly2048.activities.helper.GameStatistics,True
109,26,10,com.bumptech.glide.load.engine.executor.GlideExecutor,True
239,27,15,com.bumptech.glide.Registry,True
0,1,16,org.secuso.privacyfriendly2048.R$anim,True
244,24,14,com.bumptech.glide.manager.RequestManagerRetriever,True
0,1,8,com.bumptech.glide.R$style,True
69,14,10,org.secuso.privacyfriendly2048.activities.TutorialActivity,True
250,24,17,com.bumptech.glide.load.resource.bitmap.Downsampler,True
1,2,681,org.secuso.privacyfriendly2048.R$styleable,True
181,22,12,com.bumptech.glide.load.engine.bitmap_recycle.LruBitmapPool,True
0,1,278,org.secuso.privacyfriendly2048.R$id,True
6,5,15,com.bumptech.glide.gifdecoder.GifHeader,True
29,10,13,com.bumptech.glide.load.engine.cache.MemorySizeCalculator$Builder,True
20,9,9,com.bumptech.glide.load.engine.cache.DiskLruCacheWrapper,True
39,10,9,com.bumptech.glide.load.resource.bitmap.VideoDecoder,True
7,7,7,com.bumptech.glide.load.data.mediastore.ThumbnailStreamOpener,True
266,32,37,org.secuso.privacyfriendly2048.activities.GameActivity,True
230,24,12,com.bumptech.glide.request.RequestFutureTarget,True
13,7,7,com.bumptech.glide.load.engine.cache.MemorySizeCalculator,True
197,35,28,com.bumptech.glide.gifdecoder.StandardGifDecoder,True
584,37,15,com.bumptech.glide.Glide,True
0,1,56,com.markuspage.android.atimetracker.R$layout,True
137,23,22,com.markuspage.android.atimetracker.Report,True
0,1,99,com.markuspage.android.atimetracker.R$drawable,True
92,17,12,com.markuspage.android.atimetracker.ActivityTimes,True
0,1,255,com.markuspage.android.atimetracker.R$attr,True
26,13,24,com.markuspage.android.atimetracker.Settings,True
0,1,366,com.markuspage.android.atimetracker.R$style,True
1,2,395,com.markuspage.android.atimetracker.R$styleable,True
813,46,64,com.markuspage.android.atimetracker.Activities,True
0,1,111,com.markuspage.android.atimetracker.R$string,True
0,1,111,com.markuspage.android.atimetracker.R$dimen,True
0,1,84,com.markuspage.android.atimetracker.R$color,True
23,11,10,com.markuspage.android.atimetracker.DBBackup,True
6,4,13,com.markuspage.android.atimetracker.DBHelper,True
11,7,10,com.markuspage.android.atimetracker.Report$Day,True
0,1,12,com.markuspage.android.atimetracker.R$anim,True
0,1,144,com.markuspage.android.atimetracker.R$id,True
0,2,7,com.fairphone.fplauncher3.oc,True
29,10,9,com.fairphone.fplauncher3.FocusIndicatorView,True
0,7,10,com.fairphone.fplauncher3.oe,True
92,19,10,com.a.a.c.a,True
9,15,11,com.fairphone.fplauncher3.PreloadIconDrawable,True
0,9,7,com.a.b.a.c,True
4,13,8,com.a.b.a.f,True
0,1,7,com.a.b.a.i,True
73,17,7,com.a.a.c.l,True
144,25,31,com.a.b.a.a,True
167,22,26,com.a.a.c.d,True
0,8,15,com.fairphone.fplauncher3.oobe.animation.CameraTutorialAnimationView,True
4628,117,60,com.fairphone.fplauncher3.CellLayout,True
17,10,24,com.fairphone.fplauncher3.oobe.animation.EditFavsTutorialAnimationView,True
97,18,23,com.fairphone.fplauncher3.mh,True
299,27,10,com.fairphone.fplauncher3.BubbleTextView,True
52,13,8,com.fairphone.fplauncher3.v,True
132,25,25,com.a.a.b.e,True
41,11,125,com.a.a.b.c,True
131,27,9,com.a.a.b.j,True
12,8,9,com.fairphone.fplauncher3.SearchDropTargetBar,True
2120,72,32,com.fairphone.fplauncher3.AppsCustomizePagedView,True
15,10,37,com.fairphone.fplauncher3.e,True
393,31,13,com.fairphone.fplauncher3.applifecycle.AppDrawerView,True
0,2,7,com.fairphone.fplauncher3.q,True
23,18,9,com.b.a.a.a,True
10,8,25,com.fairphone.fplauncher3.oobe.animation.EdgeSwipeTutorialAnimationView,True
4,4,13,com.fairphone.fplauncher3.oobe.o,True
1085,51,28,com.fairphone.fplauncher3.DragLayer,True
44,17,11,com.fairphone.fplauncher3.applifecycle.i,True
19,11,20,com.fairphone.fplauncher3.oobe.animation.MenuTutorialAnimationView,True
219,26,7,com.fairphone.fplauncher3.widgets.appswitcher.f,True
0,10,7,com.fairphone.fplauncher3.oobe.animation.x,True
0,19,7,com.fairphone.fplauncher3.widgets.appswitcher.d,True
0,10,7,com.fairphone.fplauncher3.oobe.animation.a,True
0,10,7,com.fairphone.fplauncher3.oobe.animation.d,True
0,10,8,com.fairphone.fplauncher3.oobe.animation.k,True
0,7,9,com.fairphone.fplauncher3.oobe.animation.EdgeGlowTutorialAnimationView,True
316,29,16,com.fairphone.fplauncher3.edgeswipe.editor.EditFavoritesActivity,True
628,41,26,com.fairphone.fplauncher3.FolderIcon,True
2041,75,50,com.fairphone.fplauncher3.Folder,True
46,21,21,com.fairphone.fplauncher3.edgeswipe.a,True
10568,165,70,com.fairphone.fplauncher3.Launcher,True
120,21,14,com.fairphone.fplauncher3.edgeswipe.editor.ui.e,True
20,12,8,com.fairphone.fplauncher3.MemoryTracker,True
0,10,7,com.fairphone.fplauncher3.oobe.animation.ad,True
13,7,12,com.fairphone.fplauncher3.df,True
44,13,11,com.fairphone.fplauncher3.PagedViewWidget,True
105,18,19,com.fairphone.fplauncher3.CropView,True
0,10,7,com.fairphone.fplauncher3.oobe.animation.aa,True
157,23,14,com.fairphone.fplauncher3.bv,True
0,2,13,com.fairphone.fplauncher3.bo,True
91,18,11,com.fairphone.fplauncher3.ce,True
7,7,8,com.fairphone.fplauncher3.ch,True
57,14,8,com.fairphone.fplauncher3.b.q,True
50,13,13,com.fairphone.fplauncher3.CellLayout$LayoutParams,True
0,1,11,com.fairphone.fplauncher3.cc,True
0,4,18,com.fairphone.fplauncher3.a.b,True
3,6,9,com.fairphone.fplauncher3.am,True
0,4,11,com.fairphone.fplauncher3.an,True
0,4,14,com.fairphone.fplauncher3.aq,True
0,2,7,com.fairphone.fplauncher3.be,True
0,7,16,com.fairphone.fplauncher3.oobe.a.l,True
122,20,51,com.fairphone.fplauncher3.bf,True
550,44,33,com.fairphone.fplauncher3.bj,True
0,2,12,com.fairphone.fplauncher3.oobe.a.g,True
102,21,8,com.fairphone.fplauncher3.ho,True
8,8,11,com.a.b.a,True
1,2,7,com.fairphone.fplauncher3.fv,True
4268,97,27,com.fairphone.fplauncher3.gp,True
198,24,12,com.fairphone.fplauncher3.ga,True
3,7,8,com.fairphone.fplauncher3.ge,True
217,26,9,com.fairphone.fplauncher3.gf,True
0,2,7,com.fairphone.fplauncher3.eq,True
0,2,8,com.fairphone.fplauncher3.er,True
0,2,8,com.fairphone.fplauncher3.et,True
17947,202,93,com.fairphone.fplauncher3.Workspace,True
25,10,15,com.fairphone.fplauncher3.dx,True
7,6,12,com.fairphone.fplauncher3.do,True
215,27,9,com.fairphone.fplauncher3.dp,True
6,9,16,com.fairphone.fplauncher3.lc,True
1183,51,14,com.fairphone.fplauncher3.le,True
108,17,7,com.fairphone.fplauncher3.ku,True
0,4,7,com.fairphone.fplauncher3.kx,True
1,3,11,com.fairphone.fplauncher3.kd,True
65,15,11,com.fairphone.fplauncher3.jt,True
20,12,10,com.fairphone.fplauncher3.km,True
40,13,14,com.fairphone.fplauncher3.ke,True
0,1,7,com.fairphone.fplauncher3.kf,True
91,15,8,com.fairphone.fplauncher3.kl,True
187,26,13,com.fairphone.fplauncher3.iv,True
4,4,11,com.fairphone.fplauncher3.iw,True
7675,136,81,com.fairphone.fplauncher3.jl,True
255,27,28,com.fairphone.fplauncher3.oobe.OOBEActivity,True
0,2,7,com.fairphone.fplauncher3.jh,True
63,18,31,com.fairphone.fplauncher3.iq,True
0,14,7,androidx.versionedparcelable.b,True
12,8,11,org.a.a.a.b.a.a,True
98,16,7,com.greenaddress.abcore.DownloadActivity,True
100,21,11,org.a.a.a.a.a.b,True
0,11,23,org.a.a.a.a.a.a,True
50,12,10,a.a.a.a,True
21,7,8,com.github.mikephil.charting.utils.ColorTemplate,True
1232,69,17,com.github.mikephil.charting.utils.ViewPortHandler,True
49,22,7,com.github.mikephil.charting.matrix.Vector3,True
1520,60,28,com.github.mikephil.charting.components.AxisBase,True
21,11,7,com.github.mikephil.charting.components.MarkerImage,True
5173,113,39,com.github.mikephil.charting.charts.Chart,True
4,4,7,com.github.mikephil.charting.components.Legend$LegendForm,True
0,1,67,de.HS_Aalen.OptikFormelrechner.R$string,True
734,40,14,com.github.mikephil.charting.utils.Utils,True
357,34,10,com.github.mikephil.charting.data.LineDataSet,True
3,7,7,com.github.mikephil.charting.components.XAxis,True
0,1,255,de.HS_Aalen.OptikFormelrechner.R$attr,True
239,26,10,com.github.mikephil.charting.data.CandleDataSet,True
45,15,8,com.github.mikephil.charting.renderer.XAxisRenderer,True
103,19,7,com.github.mikephil.charting.data.BarDataSet,True
4,4,18,de.HS_Aalen.OptikFormelrechner.HSA_Umrechner,True
272,28,11,com.github.mikephil.charting.components.YAxis,True
84,24,11,com.github.mikephil.charting.utils.Transformer,True
0,1,365,de.HS_Aalen.OptikFormelrechner.R$style,True
26,17,11,com.github.mikephil.charting.renderer.LineChartRenderer,True
4,4,29,com.github.mikephil.charting.animation.Easing$EasingOption,True
0,1,60,de.HS_Aalen.OptikFormelrechner.R$layout,True
1,2,51,de.HS_Aalen.OptikFormelrechner.Raytracing_Berechnung,True
4,4,14,com.github.mikephil.charting.components.Legend$LegendPosition,True
1236,57,25,com.github.mikephil.charting.components.Legend,True
1,2,33,de.HS_Aalen.OptikFormelrechner.Shape,True
0,1,113,de.HS_Aalen.OptikFormelrechner.R$dimen,True
1,2,28,com.github.mikephil.charting.animation.Easing$EasingFunctions,True
6668,117,65,de.HS_Aalen.OptikFormelrechner.Glasberechnung,True
52,17,7,com.github.mikephil.charting.components.LimitLine,True
11,14,7,com.github.mikephil.charting.utils.ObjectPool,True
4645,103,35,com.github.mikephil.charting.charts.BarLineChartBase,True
41,10,8,com.github.mikephil.charting.jobs.AnimatedZoomJob,True
0,3,7,com.github.mikephil.charting.data.filter.Approximator$Line,True
69,19,10,com.github.mikephil.charting.highlight.Highlight,True
6,8,12,com.github.mikephil.charting.listener.ChartTouchListener,True
1,2,21,de.HS_Aalen.OptikFormelrechner.Transmission_Berechnung,True
257,30,10,com.github.mikephil.charting.charts.RadarChart,True
0,45,9,com.github.mikephil.charting.data.ChartData,True
0,1,87,de.HS_Aalen.OptikFormelrechner.R$color,True
45,18,17,com.github.mikephil.charting.renderer.PieChartRenderer,True
1031,50,14,com.github.mikephil.charting.data.BaseDataSet,True
1,2,56,de.HS_Aalen.OptikFormelrechner.Exaktes_Raytracing_Berechnung,True
0,1,12,de.HS_Aalen.OptikFormelrechner.R$anim,True
9,6,9,com.github.mikephil.charting.charts.ScatterChart$ScatterShape,True
78,16,7,com.github.mikephil.charting.data.RadarDataSet,True
1,2,9,de.HS_Aalen.OptikFormelrechner.Info,True
1328,57,15,com.github.mikephil.charting.charts.PieChart,True
1,2,395,de.HS_Aalen.OptikFormelrechner.R$styleable,True
253,26,11,com.github.mikephil.charting.data.PieDataSet,True
4,4,11,com.github.mikephil.charting.listener.ChartTouchListener$ChartGesture,True
1,2,23,de.HS_Aalen.OptikFormelrechner.Schott,True
0,10,10,com.github.mikephil.charting.renderer.YAxisRenderer,True
136,20,14,com.github.mikephil.charting.listener.BarLineChartTouchListener,True
0,1,99,de.HS_Aalen.OptikFormelrechner.R$drawable,True
0,1,308,de.HS_Aalen.OptikFormelrechner.R$id,True
1,2,12,de.HS_Aalen.OptikFormelrechner.Powervektoren,True
0,5,7,net.fortuna.ical4j.util.CompatibilityHints,True
34,9,7,net.fortuna.ical4j.model.CalendarDateFormatFactory,True
104,33,9,edu.emory.mathcs.backport.java.util.PriorityQueue,True
1,3,12,net.fortuna.ical4j.model.parameter.CuType,True
36,9,14,net.fortuna.ical4j.util.Dates,True
648,52,13,edu.emory.mathcs.backport.java.util.TreeMap$NavigableSubMap,True
83,18,9,edu.emory.mathcs.backport.java.util.concurrent.FutureTask,True
2952,84,9,edu.emory.mathcs.backport.java.util.TreeMap,True
166,20,28,net.fortuna.ical4j.data.HCalendarParser,True
56,14,62,net.fortuna.ical4j.model.Property,True
66,20,8,edu.emory.mathcs.backport.java.util.TreeMap$Entry,True
9,7,12,net.fortuna.ical4j.model.property.Status,True
1,3,10,net.fortuna.ical4j.model.parameter.FbType,True
9,7,10,net.fortuna.ical4j.model.property.Method,True
1,3,7,net.fortuna.ical4j.model.parameter.ScheduleAgent,True
156,20,13,net.fortuna.ical4j.data.CalendarParserImpl,True
67,15,10,net.fortuna.ical4j.model.WeekDay,True
322,28,13,edu.emory.mathcs.backport.java.util.concurrent.ConcurrentHashMap,True
1,3,8,net.fortuna.ical4j.model.parameter.RelType,True
30,13,8,net.fortuna.ical4j.model.property.RequestStatus,True
656,60,8,edu.emory.mathcs.backport.java.util.concurrent.LinkedBlockingDeque,True
0,5,7,edu.emory.mathcs.backport.java.util.PriorityQueue$Itr,True
145,19,10,net.fortuna.ical4j.data.CalendarBuilder,True
1,3,10,net.fortuna.ical4j.model.parameter.Role,True
1173,62,23,edu.emory.mathcs.backport.java.util.concurrent.ThreadPoolExecutor,True
11,6,7,net.fortuna.ical4j.data.FoldingWriter,True
16,9,8,net.fortuna.ical4j.model.TimeZoneRegistryImpl,True
1,3,12,net.fortuna.ical4j.model.parameter.Encoding,True
1,3,30,net.fortuna.ical4j.model.parameter.Value,True
7,7,11,net.fortuna.ical4j.model.UtcOffset,True
51,19,12,net.fortuna.ical4j.model.DateTime,True
66,13,8,net.fortuna.ical4j.util.Strings,True
56,12,11,net.fortuna.ical4j.model.component.Observance,True
0,19,12,net.fortuna.ical4j.model.Dur,True
10,9,10,net.fortuna.ical4j.data.UnfoldingReader,True
1511,66,10,edu.emory.mathcs.backport.java.util.concurrent.ConcurrentSkipListMap$SubMap,True
17,7,29,net.fortuna.ical4j.model.Parameter,True
1,3,16,net.fortuna.ical4j.model.parameter.PartStat,True
45,22,10,edu.emory.mathcs.backport.java.util.concurrent.locks.ReentrantReadWriteLock$Sync,True
950,49,43,net.fortuna.ical4j.model.Recur,True
518,48,7,edu.emory.mathcs.backport.java.util.ArrayDeque,True
2731,78,13,edu.emory.mathcs.backport.java.util.concurrent.ConcurrentSkipListMap,True
11,35,9,edu.emory.mathcs.backport.java.util.concurrent.LinkedBlockingQueue,True
0,31,8,edu.emory.mathcs.backport.java.util.concurrent.ArrayBlockingQueue,True
74,14,15,net.fortuna.ical4j.model.Component,True
38,21,18,edu.emory.mathcs.backport.java.util.concurrent.TimeUnit,True
193,22,11,us.achromaticmetaphor.agram.MainActivity,True
0,1,54,com.angrydoughnuts.android.alarmclock.R$string,True
105,19,15,com.angrydoughnuts.android.alarmclock.AlarmNotificationService,True
30,13,9,com.angrydoughnuts.android.alarmclock.RangeBar,True
0,4,7,com.angrydoughnuts.android.alarmclock.AlarmNotificationService$ActiveAlarms,True
172,24,7,com.angrydoughnuts.android.alarmclock.TimePicker,True
0,1,9,com.angrydoughnuts.android.alarmclock.R$layout,True
0,8,8,com.angrydoughnuts.android.alarmclock.AlarmClockProvider,True
0,1,9,com.angrydoughnuts.android.alarmclock.AlarmClockProvider$SettingsEntry,True
0,1,14,com.angrydoughnuts.android.alarmclock.R$drawable,True
0,1,35,com.angrydoughnuts.android.alarmclock.R$id,True
6,5,14,com.angrydoughnuts.android.alarmclock.DbUtil$Settings,True
0,2,8,eu.uwot.fabio.altcoinprices.activities.EditPortfolioItemActivity$3,True
0,1,284,eu.uwot.fabio.altcoinprices.R$id,True
0,1,116,eu.uwot.fabio.altcoinprices.R$drawable,True
0,1,505,eu.uwot.fabio.altcoinprices.R$style,True
131,18,22,eu.uwot.fabio.altcoinprices.activities.SettingsActivity,True
0,1,77,eu.uwot.fabio.altcoinprices.R$layout,True
11,7,7,eu.uwot.fabio.altcoinprices.activities.LoadingActivity,True
0,1,16,eu.uwot.fabio.altcoinprices.R$anim,True
34,17,24,eu.uwot.fabio.altcoinprices.utils.Coin,True
1,2,898,eu.uwot.fabio.altcoinprices.R$styleable,True
3570,111,14,androidx.versionedparcelable.VersionedParcel,True
0,1,15,eu.uwot.fabio.altcoinprices.R$integer,True
0,1,129,eu.uwot.fabio.altcoinprices.R$string,True
58,13,7,eu.uwot.fabio.altcoinprices.activities.EditPortfolioItemActivity,True
0,29,9,androidx.versionedparcelable.VersionedParcelParcel,True
0,3,7,eu.uwot.fabio.altcoinprices.utils.GraphUrl,True
0,1,224,eu.uwot.fabio.altcoinprices.R$dimen,True
0,1,138,eu.uwot.fabio.altcoinprices.R$color,True
256,32,23,androidx.versionedparcelable.VersionedParcelStream,True
69,14,8,eu.uwot.fabio.altcoinprices.activities.AddCustomCoinActivity,True
77,14,9,eu.uwot.fabio.altcoinprices.activities.AddNewPortfolioItemActivity,True
130,20,13,eu.uwot.fabio.altcoinprices.activities.EditCustomCoinActivity,True
317,31,8,eu.uwot.fabio.altcoinprices.activities.MainActivity,True
0,1,8,eu.uwot.fabio.altcoinprices.activities.MainActivity$PortfolioItem,True
0,1,10,eu.uwot.fabio.altcoinprices.R$animator,True
0,1,534,eu.uwot.fabio.altcoinprices.R$attr,True
0,1,18,org.billthefarmer.mididriver.MidiConstants,True
0,1,26,org.billthefarmer.accordion.R$drawable,True
0,1,58,org.billthefarmer.accordion.R$id,True
0,1,7,org.billthefarmer.accordion.BuildConfig,True
0,1,20,org.billthefarmer.accordion.R$string,True
0,1,128,org.billthefarmer.mididriver.GeneralMidiConstants,True
75,22,32,org.billthefarmer.accordion.MainActivity,True
0,1,8,org.billthefarmer.accordion.R$array,True
0,1,65,net.jakevossen.apollotrivia.R$layout,True
1,2,681,net.jakevossen.apollotrivia.R$styleable,True
0,1,106,net.jakevossen.apollotrivia.R$drawable,True
0,1,102,net.jakevossen.apollotrivia.R$color,True
0,1,16,net.jakevossen.apollotrivia.R$anim,True
0,1,213,net.jakevossen.apollotrivia.R$id,True
0,1,50,net.jakevossen.apollotrivia.R$string,True
0,1,380,net.jakevossen.apollotrivia.R$style,True
0,1,157,net.jakevossen.apollotrivia.R$dimen,True
0,1,407,net.jakevossen.apollotrivia.R$attr,True
0,1,10,net.jakevossen.apollotrivia.R$integer,True
0,1,140,com.anysoftkeyboard.languagepack.swedish.R$attr,True
1,2,173,com.anysoftkeyboard.languagepack.swedish.R$styleable,True
0,1,16,com.anysoftkeyboard.languagepack.swedish.R$id,True
0,1,56,com.anysoftkeyboard.api.R$integer,True
0,1,140,com.anysoftkeyboard.api.R$attr,True
0,1,16,com.anysoftkeyboard.api.R$id,True
1,2,173,com.anysoftkeyboard.api.R$styleable,True
0,1,56,com.anysoftkeyboard.languagepack.swedish.R$integer,True
0,1,43,com.anysoftkeyboard.api.KeyCodes,True
0,1,9,com.anysoftkeyboard.languagepack.swedish.R$string,True
410,32,18,calculator.Graph3dView,True
276,32,35,calculator.Calculator,True
0,1,8,org.javia.arity.EvalContext,True
0,5,42,org.javia.arity.Lexer,True
1,6,12,org.javia.arity.Token,True
270,32,34,calculator.GraphView,True
1,2,48,org.javia.arity.VM,True
15,7,9,calculator.Graph3d,True
32,13,22,calculator.KeyboardView,True
33,14,8,org.javia.arity.Symbol,True
86,19,12,calculator.GLView,True
2,4,10,org.javia.arity.OptCodeGen,True
8,5,9,calculator.ZoomTracker,True
0,1,14,arity.calculator.R$id,True
0,4,7,org.javia.arity.Compiler,True
10,12,10,org.javia.arity.CompiledFunction,True
0,5,7,org.javia.arity.DeclarationParser,True
132,20,7,org.javia.arity.Symbols,True
251,30,27,okhttp3.internal.ws.RealWebSocket,True
25,10,8,okhttp3.MediaType,True
0,1,194,com.jvillalba.apod.classic.R$id,True
105,18,8,com.google.gson.internal.Excluder,True
503,34,29,okhttp3.OkHttpClient,True
17,7,8,okhttp3.internal.http2.Http2Connection$Builder,True
0,9,7,okhttp3.internal.tls.DistinguishedNameParser,True
21,7,52,com.google.gson.internal.bind.TypeAdapters,True
1,10,15,okhttp3.internal.cache2.Relay,True
45,18,14,okhttp3.internal.http1.Http1Codec,True
0,15,12,okhttp3.internal.http.RealInterceptorChain,True
243,27,23,com.squareup.picasso.BitmapHunter,True
46,12,10,com.squareup.picasso.Picasso$Builder,True
36,13,12,retrofit2.RequestBuilder,True
73,18,15,okhttp3.CacheControl,True
124,20,12,okhttp3.Response$Builder,True
516,36,18,com.squareup.picasso.Picasso,True
88,17,8,com.jvillalba.apod.classic.model.NASA,True
0,4,14,com.squareup.picasso.StatsSnapshot,True
34,16,11,okhttp3.Address,True
0,10,12,okhttp3.internal.http2.Hpack$Writer,True
5,6,7,okhttp3.Protocol,True
195,26,13,okhttp3.Cookie,True
108,29,32,okhttp3.internal.cache.DiskLruCache,True
0,13,10,okhttp3.internal.http2.Settings,True
13,7,115,okhttp3.CipherSuite,True
591,35,18,okhttp3.internal.Util,True
0,1,10,com.jvillalba.apod.classic.R$integer,True
13,7,15,retrofit2.ServiceMethod,True
0,1,404,com.jvillalba.apod.classic.R$style,True
9,7,10,okhttp3.internal.ws.WebSocketWriter,True
0,9,8,okhttp3.internal.connection.RouteSelector,True
41,14,7,retrofit2.Retrofit$Builder,True
0,8,7,okhttp3.internal.http2.Http2Stream$FramingSource,True
1,2,670,com.jvillalba.apod.classic.R$styleable,True
0,8,13,okio.GzipSource,True
167,38,13,com.squareup.picasso.RequestCreator,True
4,4,11,com.google.gson.stream.JsonToken,True
79,14,7,okio.AsyncTimeout,True
612,37,21,com.google.gson.Gson,True
436,37,23,okhttp3.internal.http2.Http2Connection,True
655,43,8,okhttp3.HttpUrl$Builder,True
0,1,16,com.jvillalba.apod.classic.R$anim,True
0,1,46,com.jvillalba.apod.classic.R$string,True
0,1,65,com.jvillalba.apod.classic.R$layout,True
159,26,11,okhttp3.Cache,True
39,10,8,okhttp3.CacheControl$Builder,True
0,1,108,com.jvillalba.apod.classic.R$drawable,True
5,39,43,com.google.gson.stream.JsonReader,True
1,10,9,com.google.gson.internal.LinkedHashTreeMap$Node,True
0,12,8,okhttp3.ConnectionPool,True
6,5,13,okhttp3.internal.http2.ErrorCode,True
0,12,8,okhttp3.ConnectionSpec,True
9,7,9,okhttp3.internal.http2.Header,True
2,9,12,okhttp3.Cache$Entry,True
0,1,104,com.jvillalba.apod.classic.R$color,True
211,27,15,com.squareup.picasso.Request$Builder,True
51,14,7,com.squareup.picasso.LruCache,True
51,11,9,okhttp3.Cookie$Builder,True
0,6,7,okio.Buffer$UnsafeCursor,True
349,27,36,com.squareup.picasso.Utils,True
0,9,9,okio.Segment,True
0,1,161,com.jvillalba.apod.classic.R$dimen,True
21,10,9,com.squareup.picasso.PicassoDrawable,True
0,5,8,okhttp3.internal.cache.DiskLruCache$Entry,True
9,7,7,com.google.gson.internal.bind.TreeTypeAdapter,True
223,34,11,com.google.gson.stream.JsonWriter,True
46,14,12,com.squareup.picasso.Action,True
250,25,10,com.google.gson.internal.LinkedHashTreeMap,True
406,33,27,okhttp3.OkHttpClient$Builder,True
161,27,34,com.squareup.picasso.Dispatcher,True
93,15,7,okhttp3.internal.platform.AndroidPlatform,True
0,4,7,com.google.gson.internal.bind.ReflectiveTypeAdapterFactory$1,True
30,24,16,okhttp3.internal.connection.RealConnection,True
76,25,13,okhttp3.internal.http2.Http2Stream,True
177,26,16,com.google.gson.GsonBuilder,True
100,17,7,retrofit2.Retrofit,True
0,7,12,okhttp3.internal.ws.WebSocketReader,True
0,1,8,com.google.gson.stream.JsonScope,True
34,12,13,okhttp3.MultipartBody,True
1,10,8,com.google.gson.internal.LinkedTreeMap$Node,True
69,15,20,com.squareup.picasso.Stats,True
0,21,15,okhttp3.internal.connection.StreamAllocation,True
1025,51,21,okhttp3.HttpUrl,True
20,9,10,okhttp3.internal.publicsuffix.PublicSuffixDatabase,True
13,11,15,okhttp3.internal.http2.Http2Codec,True
15,7,7,okhttp3.TlsVersion,True
11,6,23,okhttp3.internal.http2.Http2,True
25,11,8,com.jvillalba.apod.classic.activities.ImageActivity,True
190,24,13,okhttp3.Response,True
96,20,8,okhttp3.internal.http2.Hpack$Reader,True
0,1,403,com.jvillalba.apod.classic.R$attr,True
46,12,19,com.squareup.picasso.Request,True
4,4,7,com.squareup.picasso.MediaStoreRequestHandler$PicassoKind,True
10,5,22,okhttp3.internal.ws.WebSocketProtocol,True
34,20,7,okhttp3.Dispatcher,True
0,22,7,okhttp3.internal.http2.Http2Writer,True
51,14,23,retrofit2.ServiceMethod$Builder,True
191,22,9,com.google.gson.internal.LinkedTreeMap,True
0,7,12,okhttp3.internal.cache.CacheStrategy$Factory,True
168,24,10,com.lzx.lock.model.CommLockInfo,True
140,20,23,com.lzx.lock.activities.lock.GestureUnlockActivity,True
0,1,501,com.lzx.lock.R$style,True
0,1,165,io.github.subhamtyagi.crashreporter.R$id,True
13,10,8,com.lzx.lock.activities.fingerprint.FingerprintHandler,True
69,14,10,com.lzx.lock.activities.lock.GestureSelfUnlockActivity,True
0,1,477,io.github.subhamtyagi.crashreporter.R$attr,True
0,1,10,io.github.subhamtyagi.crashreporter.R$animator,True
0,1,488,com.lzx.lock.R$attr,True
42,12,16,com.lzx.lock.activities.setting.LockSettingActivity,True
2042,65,7,org.litepal.crud.DataSupport,True
0,1,15,com.lzx.lock.R$integer,True
0,1,80,com.lzx.lock.R$layout,True
1,2,764,com.lzx.lock.R$styleable,True
96,20,21,com.lzx.lock.widget.CircleImageView,True
10,5,9,org.litepal.parser.LitePalParser,True
0,1,23,com.lzx.lock.base.AppConstants,True
0,1,496,io.github.subhamtyagi.crashreporter.R$style,True
0,1,119,io.github.subhamtyagi.crashreporter.R$drawable,True
233,26,10,com.lzx.lock.activities.pwd.CreatePwdActivity,True
0,1,215,io.github.subhamtyagi.crashreporter.R$dimen,True
0,1,131,io.github.subhamtyagi.crashreporter.R$color,True
24,9,12,com.lzx.lock.activities.main.MainActivity,True
3570,111,14,androidx.versionedparcelable.VersionedParcel,True
260,24,9,org.litepal.LitePalBase,True
0,1,16,com.lzx.lock.R$anim,True
31,11,9,com.lzx.lock.utils.LockPatternUtils,True
647,46,41,com.lzx.lock.widget.LockPatternView,True
0,1,151,com.lzx.lock.R$drawable,True
0,29,9,androidx.versionedparcelable.VersionedParcelParcel,True
0,1,16,io.github.subhamtyagi.crashreporter.R$anim,True
0,1,254,com.lzx.lock.R$id,True
0,1,126,com.lzx.lock.R$string,True
4,4,11,com.lzx.lock.model.LockStage,True
256,32,23,androidx.versionedparcelable.VersionedParcelStream,True
0,1,217,com.lzx.lock.R$dimen,True
0,1,154,com.lzx.lock.R$color,True
163,22,11,com.lzx.lock.activities.lock.GestureCreateActivity,True
1,2,751,io.github.subhamtyagi.crashreporter.R$styleable,True
0,1,15,io.github.subhamtyagi.crashreporter.R$integer,True
106,17,7,org.litepal.parser.LitePalAttr,True
0,1,62,io.github.subhamtyagi.crashreporter.R$string,True
0,1,59,io.github.subhamtyagi.crashreporter.R$layout,True
98,17,15,com.lzx.lock.services.LockService,True
6,4,7,org.litepal.exceptions.DataSupportException,True
0,1,10,com.lzx.lock.R$animator,True
4,4,16,org.koreader.device.rockchip.RK30xxEPDController$EINK_MODE,True
4,4,9,org.koreader.device.DeviceInfo$Device,True
3,3,10,org.koreader.device.rockchip.RK33xxEPDController,True
3,3,18,org.koreader.device.DeviceInfo,True
7,6,21,org.koreader.device.rockchip.RK30xxEPDController,True
597,39,8,org.koreader.launcher.MainActivity,True
469,42,39,afzkl.development.colorpickerview.view.ColorPickerView,True
0,1,318,indrora.atomic.R$style,True
120,22,17,indrora.atomic.model.Conversation,True
0,1,158,indrora.atomic.R$drawable,True
0,1,58,indrora.atomic.R$layout,True
0,1,157,indrora.atomic.R$id,True
1,2,41,com.viewpagerindicator.R$styleable,True
12,13,10,org.jibble.pircbot.DccChat,True
0,1,7,com.viewpagerindicator.R$drawable,True
219,27,17,com.viewpagerindicator.UnderlinePageIndicator,True
1,2,8,afzkl.development.colorpickerview.R$styleable,True
373,34,18,com.viewpagerindicator.CirclePageIndicator,True
0,1,10,indrora.atomic.R$anim,True
1,2,369,indrora.atomic.R$styleable,True
3,3,7,indrora.atomic.model.Broadcast,True
29,18,7,indrora.atomic.indicator.ConversationIndicator,True
116,20,14,indrora.atomic.activity.AddServerActivity,True
0,5,7,org.jibble.pircbot.InputThread,True
0,1,8,indrora.atomic.model.User,True
816,44,17,indrora.atomic.model.Server,True
0,1,11,de.duenndns.ssl.R$string,True
42,13,9,afzkl.development.colorpickerview.view.ColorPanelView,True
17,7,12,indrora.atomic.tools.Base64,True
11,7,7,afzkl.development.colorpickerview.drawable.AlphaPatternDrawable,True
836,48,31,com.viewpagerindicator.TitlePageIndicator,True
458,36,18,org.jibble.pircbot.DccFileTransfer,True
364,33,27,indrora.atomic.irc.IRCService,True
0,1,29,com.viewpagerindicator.R$attr,True
4,4,9,indrora.atomic.model.Message$MessageColor,True
240,29,18,indrora.atomic.model.Message,True
140,21,9,com.viewpagerindicator.TabPageIndicator,True
0,61,11,indrora.atomic.irc.IRCConnection,True
0,1,9,indrora.atomic.R$integer,True
6,4,20,org.jibble.pircbot.Colors,True
0,5,11,indrora.atomic.dialog.AuthenticationView,True
19,11,10,afzkl.development.colorpickerview.preference.ColorPickerPreference,True
0,1,13,com.viewpagerindicator.R$dimen,True
0,1,8,indrora.atomic.R$array,True
0,1,19,com.viewpagerindicator.R$color,True
0,0,139,org.jibble.pircbot.ReplyConstants,True
0,1,388,indrora.atomic.R$string,True
418,37,20,de.duenndns.ssl.MemorizingTrustManager,True
836,48,32,indrora.atomic.indicator.ConversationTitlePageIndicator,True
0,1,12,indrora.atomic.model.Extra,True
0,1,13,indrora.atomic.R$bool,True
0,1,13,indrora.atomic.db.ServerConstants,True
0,1,245,indrora.atomic.R$attr,True
646,45,23,indrora.atomic.activity.ConversationActivity,True
0,1,30,indrora.atomic.R$raw,True
10369,147,37,org.jibble.pircbot.PircBot,True
0,2,10,indrora.atomic.model.MessageRenderParams,True
0,1,91,indrora.atomic.R$color,True
0,1,88,indrora.atomic.R$dimen,True
281,30,13,com.viewpagerindicator.LinePageIndicator,True
171,26,7,indrora.atomic.activity.ServersActivity,True
